5.9486637590214,-0.639046831866282
2.05011565706232,0.146680706528332
4.25006441224835,-0.288287068711727
6.95448538984847,-0.822502666629154
0.159010920747654,0.321789229019447
5.72863137616247,-0.577653945226993
2.57045769438635,-0.0662131384789073
5.93421401732332,-0.787803013523949
4.7810305304737,-0.571824257900857
5.85719093953128,-0.715703282978247
1.92058840110925,-0.0726141450799137
2.34975254645094,-0.0333471289059833
2.11717045778277,0.130088736736257
6.59939310261951,-0.806835707047412
0.0496237278215698,0.554905417633665
5.60912282653578,-0.587654935795653
6.53212116962863,-0.760050210012147
0.14164153865615,0.558645314797128
3.44574431117892,-0.33386026329075
5.69121606167928,-0.804060472456767
6.94784879262925,-0.856523964114731
0.0318905450552192,0.322788635977911
6.01070054900399,-0.832106975667228
4.8322785034926,-0.386525530967175
4.42876133901475,-0.578446335707999
1.52466538991996,0.13344509174742
3.05351650112007,-0.239626006847073
5.96778444478651,-0.678813629308163
5.00383236492231,-0.48719545965418
1.24760405404847,0.18818541583055
5.14235993714182,-0.626053307031306
7.49113969853667,-1.18461360246158
5.82673680681118,-0.838659242651732
5.32358376557174,-0.589789873915627
2.48175925131969,-0.00601824582834645
2.81539689508052,0.0124488002678607
3.69412681632402,-0.385550435812003
5.84357539836484,-0.764631895797621
1.77170907788524,0.0118893800358704
0.560898673050524,0.449664423498169
5.81460939991037,-0.799803336383683
2.26258917630771,-0.115231415776178
4.79759772717841,-0.505119515725001
6.75781466008994,-0.854478259596265
2.67750879129279,-0.101724523725791
0.508000429956243,0.288131934911074
5.35523838799225,-0.516974859273515
2.86201696603653,-0.191431636545542
3.0932112611333,-0.0973920776962266
1.34653737458705,0.155673924254102
